000009
000017
000032
000037
000039
000049
000050
000058
000061
000063
000066
000070
000078
000088
000159
000338
000410
000419
000503
000510
000511
000514
000518
000544
000551
000559
000563
000601
000623
000625
000631
000635
000638
000661
000663
000665
000682
000683
000695
000701
000713
000725
000727
000737
000762
000768
000777
000789
000790
000795
000800
000828
000829
000837
000839
000851
000852
000868
000875
000890
000897
000901
000909
000913
000915
000917
000928
000930
000935
000938
000939
000957
000965
000970
000973
000977
000988
000997
000998
002007
002009
002012
002015
002017
002022
002024
002031
002037
002046
002049
002052
002055
002056
002058
002065
002073
002079
002080
002086
002089
002090
002091
002093
002096
002097
002103
002104
002106
002108
002109
002112
002115
002117
002125
002126
002129
002130
002131
002133
002139
002140
002148
002149
002151
002156
002161
002163
002165
002166
002168
002170
002175
002176
002178
002182
002183
002185
002190
002194
002195
002197
002202
002203
002210
002214
002223
002226
002227
002229
002230
002231
002232
002233
002235
002236
002238
002241
002245
002246
002247
002250
002252
002259
002261
002263
002268
002270
002273
002274
002277
002278
002279
002281
002285
002288
002289
002292
002295
002297
002301
002308
002310
002313
002318
002319
002322
002332
002335
002340
002344
002348
002353
002360
002362
002364
002369
002387
002396
002398
002404
002405
002407
002410
002411
002414
002415
002416
002417
002418
002419
002420
002421
002423
002425
002432
002435
002436
002439
002440
002446
002447
002456
002460
002466
002467
002473
002474
002476
002479
002484
002490
002491
002497
002502
002511
002512
002520
002522
002526
002527
002529
002531
002535
002539
002546
002570
002575
002577
002579
002594
002600
002604
002611
002612
002615
002618
002634
002642
002655
002657
002683
002684
002698
002699
002700
600008
600010
600018
600029
600037
600038
600050
600053
600057
600066
600069
600070
600071
600072
600074
600075
600081
600082
600088
600089
600100
600106
600110
600111
600112
600113
600117
600118
600119
600137
600143
600150
600152
600158
600160
600161
600166
600171
600183
600187
600189
600190
600192
600196
600198
600200
600201
600217
600220
600225
600228
600233
600237
600256
600259
600260
600261
600271
600279
600280
600288
600289
600293
600299
600303
600309
600317
600330
600343
600345
600354
600366
600372
600373
600378
600388
600390
600392
600399
600405
600410
600415
600416
600429
600435
600446
600456
600460
600482
600487
600495
600498
600499
600501
600503
600510
600513
600516
600522
600526
600527
600530
600536
600538
600545
600560
600561
600563
600570
600571
600572
600575
600581
600584
600585
600587
600588
600590
600597
600599
600601
600606
600611
600614
600618
600620
600630
600633
600637
600639
600640
600643
600648
600650
600654
600662
600663
600679
600680
600685
600686
600701
600703
600706
600708
600717
600718
600728
600734
600735
600739
600751
600754
600756
600764
600765
600770
600773
600775
600776
600778
600787
600789
600796
600800
600801
600804
600815
600816
600821
600822
600830
600831
600841
600846
600848
600850
600851
600855
600872
600874
600875
600879
600880
600884
600887
600980
600984
600985
601000
601002
601012
601098
601137
601216
601231
601519
601558
601567
601727
601766
601798
601877
601880
601928
601929
601996
603000
603002
603128
300176
601006
600660
600900
002002
000525
600547
603019
600036
000651
600797
601398
603798
000826
600649
000027
600475
603676
601166
603766
603990
603979
600598
600095
002376
000568
600406
603444
601899
601069
002092
002237
603377
600873
600268
002384
002635
600026
601866
600798
000582
601008
603177
000591
600122
603822
600207
600021
600116
603108
002560
000825
600568
000885
600188
600818
002040
600155
600379
600909
000719
600898
000708
000882
601788
601688
000718
600497
600908
601128
000018
002366
600763
600333
600004
002572
600988
002196
603901
